version https://git-lfs.github.com/spec/v1
oid sha256:ebfcccc204f906de0fce36d179f7f9f9952c178579511a36eff9d663742518d1
size 55986
