Null control: 99 signal-free run(s), block_size=20 bars
  MAX statistic — could the search stumble on this by chance?
  best IS Sharpe          +3.066   null median +2.770   null p95 +4.141   p = 0.340
  best OOS Sharpe         +1.207   null median +1.484   null p95 +3.517   p = 0.620
  TYPICAL statistic — does the median window beat chance?
  typical IS Sharpe       +2.216   null median +2.167   null p95 +3.515   p = 0.470
  typical OOS Sharpe      -0.533   null median +0.255   null p95 +2.294   p = 0.700
  VERDICT: the search finds comparable performance in data with no signal. Treat the headline result as unproven regardless of DSR.
  surrogate fidelity verified across 8 windows

null best IS Sharpe per run:     +2.5293, +3.2261, +3.2888, +3.4821, +3.2060, +2.5097, +2.4373, +5.3716, +3.3834, +2.6348, +1.9407, +2.0710, +2.6737, +1.3979, +4.0562, +4.0356, +1.8955, +2.8437, +3.4273, +3.5548, +2.4149, +3.5437, +1.7067, +2.2728, +3.1841, +2.7698, +2.1861, +3.0552, +3.3915, +2.6012, +2.7175, +2.1374, +2.1304, +2.7921, +2.7057, +1.9423, +2.9540, +3.4159, +2.1241, +2.8879, +2.3257, +3.1752, +3.1984, +2.8799, +2.3926, +1.9418, +2.9070, +3.0434, +3.1958, +2.4970, +4.3072, +3.1671, +2.4108, +3.2759, +4.5981, +3.0790, +2.4529, +3.3483, +2.1543, +3.2528, +3.0689, +2.1034, +2.8679, +3.1896, +2.2894, +4.1222, +2.3174, +3.0380, +2.1696, +3.9419, +2.2579, +2.2597, +2.6290, +5.4731, +3.5428, +4.8101, +1.9208, +2.9209, +3.0414, +2.4308, +3.4568, +2.8314, +2.7555, +2.3849, +2.3148, +2.9845, +2.2603, +2.4914, +3.0491, +2.5675, +2.1944, +2.5683, +2.8797, +2.2325, +3.9395, +2.2602, +2.3274, +2.3865, +2.3817
null best OOS Sharpe per run:    +2.4053, +1.3194, -1.3018, +0.7240, +4.4428, +2.8143, +2.6401, -0.4762, +1.4838, +1.1442, +0.8410, +3.4445, +0.3703, +1.1395, +3.1401, -0.3577, -0.8255, +1.2890, +2.0864, +3.4988, +3.9230, +1.4309, +1.8168, +1.7466, +0.9929, +1.3686, +2.3444, +0.3325, +1.8367, -0.6912, +0.1376, +1.7263, +1.5134, +2.1900, +1.6852, +3.0939, -0.9308, +1.7134, +3.1153, -0.4147, +3.6852, +1.4606, +0.3624, +2.7829, +0.9991, +0.7322, +2.2864, +2.6145, +0.4940, +2.4604, +3.1814, +0.4388, +1.8866, +2.2537, +2.7083, +5.0337, +2.2246, +0.0296, +2.6881, +0.7878, -0.7500, +0.5746, +0.4499, +1.4783, -0.1341, +2.6637, +0.0597, +1.7986, +2.5236, +0.5081, +0.5930, +2.6591, -0.4341, +1.2780, +0.5141, +3.1448, +2.6227, +1.5424, +0.9595, +2.2631, +2.8276, +0.8847, +2.4542, +1.4427, +1.6429, +4.1580, +2.5066, -0.0654, +1.3191, +0.9986, +0.0836, +1.2917, +1.5554, +0.4657, +1.4094, +3.0950, +2.6048, +1.2066, +2.1561
null typical IS Sharpe per run:  +1.7727, +2.2834, +2.0169, +2.2803, +2.2524, +2.4604, +1.6254, +3.8134, +2.9827, +1.9758, +1.5161, +1.9436, +1.6930, +1.1638, +3.0984, +3.6509, +1.5399, +2.5716, +3.2698, +3.4185, +1.9594, +1.5380, +1.2737, +1.7447, +2.0625, +2.1489, +2.1851, +2.0094, +2.8350, +1.8844, +1.9016, +1.8903, +1.3938, +2.2477, +2.2359, +1.7873, +1.3266, +3.2988, +1.7703, +2.7128, +2.0395, +2.1219, +2.5482, +1.9497, +1.2925, +1.8849, +2.2693, +2.9213, +2.2508, +2.3709, +3.5780, +2.8694, +2.3187, +2.4858, +3.9773, +2.0282, +2.3734, +1.6828, +1.9276, +3.1407, +2.3969, +1.9861, +2.3638, +1.9647, +1.6551, +2.5747, +2.2128, +1.9152, +2.1651, +3.5078, +2.2482, +1.6338, +1.9591, +5.0523, +1.9681, +2.7679, +1.6803, +2.7634, +2.8218, +1.7893, +2.4307, +1.1889, +1.9849, +2.0809, +1.9784, +2.3567, +2.0552, +2.4363, +1.8598, +2.3678, +1.3745, +2.3691, +2.6886, +2.2143, +3.1327, +2.1668, +2.2689, +1.4510, +2.2627
null typical OOS Sharpe per run: +1.2377, +0.9172, -1.4623, -1.8924, +1.0345, +2.2912, -0.5867, -1.7343, -0.6630, +0.5098, -0.2770, +2.8427, -0.6842, -1.4848, +1.2244, -2.4279, -0.8890, +1.1344, +0.7456, +0.4773, +0.2848, +0.7940, +0.0146, -0.5775, -1.7937, -0.4250, +2.3155, -0.7895, +1.0066, -1.6160, +0.1322, +0.8774, +0.5699, +0.3913, +0.5569, +0.3831, -1.8211, +0.4422, +2.7066, -1.4153, +0.3242, +0.2022, +0.0894, +1.6032, -0.6628, -0.6482, +0.7141, +2.0933, -0.0577, -0.8431, +1.7575, -0.3555, +1.5187, -0.4679, +2.6440, +0.9593, +0.9734, -1.7947, +2.4708, +0.2661, -0.8313, +0.2490, +0.1414, -1.5160, -0.3852, +1.1982, -1.9124, -0.8865, +2.1719, -0.0184, -0.6873, +0.2548, -1.5154, +1.1962, -1.6832, +1.3374, +1.3381, +1.3973, +0.3477, +1.3736, +1.6281, -1.1750, +2.0984, -0.9185, +0.8131, +2.2060, -0.3164, -0.4240, +0.7668, +0.8043, +0.0253, +0.6115, -0.0957, -0.5900, -2.1728, -0.0977, +0.8221, +0.8606, -0.5057
